10
11
2023
5
16
25
5
1.2391547072113062e+19
410.6034625738773
1.9922923486127524e+16
240.0
0.05524343801469172
0.01856927825309368
43.95829668687387
87.43423024164396
1681.4
0.0816164947081464
0.025638183010860544
0.3814816879515027
0.3487329946030306
0.0046390283384700505
0.07051278146671418
0.00027140183908429407
0.09268295237098337
0.1727092362381691
2.8901465484671214e-05
0.014775621871687556
0.002366009331565369
0.000623187030976003
0.00022972674002751838
0.16706085576306737
0.025275847662717444
0.001392177397659387
0.4407652614801945
0.003407994121074737
0.019939347503520957
0.18770541559311732
8.335267080982724e-05
4.554814097925349e-05
