15
8
2022
8
23
13
30
4.6047946425468406e+18
152.58341946071099
1.4807024627175402e+16
240.0
0.01829075501713074
0.014258841284052155
49.68955784332897
95.45375855659601
1685.463721551679
0.05118877347538964
0.006415218406894033
0.2775866236328334
0.25881961942083465
0.004365908155762958
0.02265593774996087
0.00011918608196496581
0.04788675444195303
0.0214769149913042
6.591344272289209e-06
0.011462747942678509
0.0005952345188990867
8.606980166688616e-05
0.0002410929625351745
0.3456487177470167
0.03982856778023472
0.0004917988362289533
0.8498349932746658
0.0053287301861597615
0.027821930494232178
0.11123016225697095
0.00011623904513684711
